# x
0.000000000000000000e+00 6.250000000000000000e-02
0.000000000000000000e+00 1.250000000000000000e-01
0.000000000000000000e+00 1.875000000000000000e-01
0.000000000000000000e+00 2.500000000000000000e-01
0.000000000000000000e+00 3.125000000000000000e-01
0.000000000000000000e+00 3.750000000000000000e-01
0.000000000000000000e+00 4.375000000000000000e-01
0.000000000000000000e+00 5.000000000000000000e-01
0.000000000000000000e+00 5.625000000000000000e-01
0.000000000000000000e+00 6.250000000000000000e-01
0.000000000000000000e+00 6.875000000000000000e-01
0.000000000000000000e+00 7.500000000000000000e-01
0.000000000000000000e+00 8.125000000000000000e-01
0.000000000000000000e+00 8.750000000000000000e-01
0.000000000000000000e+00 9.375000000000000000e-01
-6.250000000000000000e-02 1.000000000000000000e+00
-1.250000000000000000e-01 1.000000000000000000e+00
-1.875000000000000000e-01 1.000000000000000000e+00
-2.500000000000000000e-01 1.000000000000000000e+00
-3.125000000000000000e-01 1.000000000000000000e+00
-3.750000000000000000e-01 1.000000000000000000e+00
-4.375000000000000000e-01 1.000000000000000000e+00
-5.000000000000000000e-01 1.000000000000000000e+00
-5.625000000000000000e-01 1.000000000000000000e+00
-6.250000000000000000e-01 1.000000000000000000e+00
-6.875000000000000000e-01 1.000000000000000000e+00
-7.500000000000000000e-01 1.000000000000000000e+00
-8.125000000000000000e-01 1.000000000000000000e+00
-8.750000000000000000e-01 1.000000000000000000e+00
-9.375000000000000000e-01 1.000000000000000000e+00
-1.000000000000000000e+00 1.000000000000000000e+00
-1.000000000000000000e+00 9.375000000000000000e-01
-1.000000000000000000e+00 8.750000000000000000e-01
-1.000000000000000000e+00 8.125000000000000000e-01
-1.000000000000000000e+00 7.500000000000000000e-01
-1.000000000000000000e+00 6.875000000000000000e-01
-1.000000000000000000e+00 6.250000000000000000e-01
-1.000000000000000000e+00 5.625000000000000000e-01
-1.000000000000000000e+00 5.000000000000000000e-01
-1.000000000000000000e+00 4.375000000000000000e-01
-1.000000000000000000e+00 3.750000000000000000e-01
-1.000000000000000000e+00 3.125000000000000000e-01
-1.000000000000000000e+00 2.500000000000000000e-01
-1.000000000000000000e+00 1.875000000000000000e-01
-1.000000000000000000e+00 1.250000000000000000e-01
-1.000000000000000000e+00 6.250000000000000000e-02
-1.000000000000000000e+00 -6.250000000000000000e-02
-1.000000000000000000e+00 -1.250000000000000000e-01
-1.000000000000000000e+00 -1.875000000000000000e-01
-1.000000000000000000e+00 -2.500000000000000000e-01
-1.000000000000000000e+00 -3.125000000000000000e-01
-1.000000000000000000e+00 -3.750000000000000000e-01
-1.000000000000000000e+00 -4.375000000000000000e-01
-1.000000000000000000e+00 -5.000000000000000000e-01
-1.000000000000000000e+00 -5.625000000000000000e-01
-1.000000000000000000e+00 -6.250000000000000000e-01
-1.000000000000000000e+00 -6.875000000000000000e-01
-1.000000000000000000e+00 -7.500000000000000000e-01
-1.000000000000000000e+00 -8.125000000000000000e-01
-1.000000000000000000e+00 -8.750000000000000000e-01
-1.000000000000000000e+00 -1.000000000000000000e+00
-9.375000000000000000e-01 -1.000000000000000000e+00
-8.750000000000000000e-01 -1.000000000000000000e+00
-8.125000000000000000e-01 -1.000000000000000000e+00
-7.500000000000000000e-01 -1.000000000000000000e+00
-6.875000000000000000e-01 -1.000000000000000000e+00
-6.250000000000000000e-01 -1.000000000000000000e+00
-5.625000000000000000e-01 -1.000000000000000000e+00
-5.000000000000000000e-01 -1.000000000000000000e+00
-4.375000000000000000e-01 -1.000000000000000000e+00
-3.750000000000000000e-01 -1.000000000000000000e+00
-3.125000000000000000e-01 -1.000000000000000000e+00
-2.500000000000000000e-01 -1.000000000000000000e+00
-1.875000000000000000e-01 -1.000000000000000000e+00
-1.250000000000000000e-01 -1.000000000000000000e+00
-6.250000000000000000e-02 -1.000000000000000000e+00
6.250000000000000000e-02 -1.000000000000000000e+00
1.250000000000000000e-01 -1.000000000000000000e+00
1.875000000000000000e-01 -1.000000000000000000e+00
2.500000000000000000e-01 -1.000000000000000000e+00
3.125000000000000000e-01 -1.000000000000000000e+00
3.750000000000000000e-01 -1.000000000000000000e+00
4.375000000000000000e-01 -1.000000000000000000e+00
5.000000000000000000e-01 -1.000000000000000000e+00
5.625000000000000000e-01 -1.000000000000000000e+00
6.250000000000000000e-01 -1.000000000000000000e+00
6.875000000000000000e-01 -1.000000000000000000e+00
7.500000000000000000e-01 -1.000000000000000000e+00
8.125000000000000000e-01 -1.000000000000000000e+00
8.750000000000000000e-01 -1.000000000000000000e+00
9.375000000000000000e-01 -1.000000000000000000e+00
1.000000000000000000e+00 -9.375000000000000000e-01
1.000000000000000000e+00 -8.750000000000000000e-01
1.000000000000000000e+00 -8.125000000000000000e-01
1.000000000000000000e+00 -7.500000000000000000e-01
1.000000000000000000e+00 -6.875000000000000000e-01
1.000000000000000000e+00 -6.250000000000000000e-01
1.000000000000000000e+00 -5.625000000000000000e-01
1.000000000000000000e+00 -5.000000000000000000e-01
1.000000000000000000e+00 -4.375000000000000000e-01
1.000000000000000000e+00 -3.750000000000000000e-01
1.000000000000000000e+00 -3.125000000000000000e-01
1.000000000000000000e+00 -2.500000000000000000e-01
1.000000000000000000e+00 -1.875000000000000000e-01
1.000000000000000000e+00 -1.250000000000000000e-01
1.000000000000000000e+00 -6.250000000000000000e-02
9.375000000000000000e-01 0.000000000000000000e+00
8.750000000000000000e-01 0.000000000000000000e+00
8.125000000000000000e-01 0.000000000000000000e+00
7.500000000000000000e-01 0.000000000000000000e+00
6.875000000000000000e-01 0.000000000000000000e+00
6.250000000000000000e-01 0.000000000000000000e+00
5.625000000000000000e-01 0.000000000000000000e+00
5.000000000000000000e-01 0.000000000000000000e+00
4.375000000000000000e-01 0.000000000000000000e+00
3.750000000000000000e-01 0.000000000000000000e+00
3.125000000000000000e-01 0.000000000000000000e+00
2.500000000000000000e-01 0.000000000000000000e+00
1.875000000000000000e-01 0.000000000000000000e+00
1.250000000000000000e-01 0.000000000000000000e+00
9.998018741607666016e-01 -6.022633910179138184e-01
7.553461790084838867e-01 -9.979761838912963867e-01
-9.970355033874511719e-01 -1.393707394599914551e-01
-5.423834919929504395e-01 -9.967465400695800781e-01
-1.252412796020507812e-03 5.590076446533203125e-01
-9.984812736511230469e-01 -5.293535590171813965e-01
-9.973036050796508789e-01 -1.871092319488525391e-01
-9.985720515251159668e-01 4.483938217163085938e-01
9.991736412048339844e-01 -9.479941129684448242e-01
-9.973751902580261230e-01 -2.855873107910156250e-02
-3.533656597137451172e-01 -9.997854828834533691e-01
-9.977282285690307617e-01 -7.479820251464843750e-01
0.000000000000000000e+00 6.250000000000000000e-02
0.000000000000000000e+00 1.250000000000000000e-01
0.000000000000000000e+00 1.875000000000000000e-01
0.000000000000000000e+00 2.500000000000000000e-01
0.000000000000000000e+00 3.125000000000000000e-01
0.000000000000000000e+00 3.750000000000000000e-01
0.000000000000000000e+00 4.375000000000000000e-01
0.000000000000000000e+00 5.000000000000000000e-01
0.000000000000000000e+00 5.625000000000000000e-01
0.000000000000000000e+00 6.250000000000000000e-01
0.000000000000000000e+00 6.875000000000000000e-01
0.000000000000000000e+00 7.500000000000000000e-01
0.000000000000000000e+00 8.125000000000000000e-01
0.000000000000000000e+00 8.750000000000000000e-01
0.000000000000000000e+00 9.375000000000000000e-01
-6.250000000000000000e-02 1.000000000000000000e+00
-1.250000000000000000e-01 1.000000000000000000e+00
-1.875000000000000000e-01 1.000000000000000000e+00
-2.500000000000000000e-01 1.000000000000000000e+00
-3.125000000000000000e-01 1.000000000000000000e+00
-3.750000000000000000e-01 1.000000000000000000e+00
-4.375000000000000000e-01 1.000000000000000000e+00
-5.000000000000000000e-01 1.000000000000000000e+00
-5.625000000000000000e-01 1.000000000000000000e+00
-6.250000000000000000e-01 1.000000000000000000e+00
-6.875000000000000000e-01 1.000000000000000000e+00
-7.500000000000000000e-01 1.000000000000000000e+00
-8.125000000000000000e-01 1.000000000000000000e+00
-8.750000000000000000e-01 1.000000000000000000e+00
-9.375000000000000000e-01 1.000000000000000000e+00
-1.000000000000000000e+00 1.000000000000000000e+00
-1.000000000000000000e+00 9.375000000000000000e-01
-1.000000000000000000e+00 8.750000000000000000e-01
-1.000000000000000000e+00 8.125000000000000000e-01
-1.000000000000000000e+00 7.500000000000000000e-01
-1.000000000000000000e+00 6.875000000000000000e-01
-1.000000000000000000e+00 6.250000000000000000e-01
-1.000000000000000000e+00 5.625000000000000000e-01
-1.000000000000000000e+00 5.000000000000000000e-01
-1.000000000000000000e+00 4.375000000000000000e-01
-1.000000000000000000e+00 3.750000000000000000e-01
-1.000000000000000000e+00 3.125000000000000000e-01
-1.000000000000000000e+00 2.500000000000000000e-01
-1.000000000000000000e+00 1.875000000000000000e-01
-1.000000000000000000e+00 1.250000000000000000e-01
-1.000000000000000000e+00 6.250000000000000000e-02
-1.000000000000000000e+00 -6.250000000000000000e-02
-1.000000000000000000e+00 -1.250000000000000000e-01
-1.000000000000000000e+00 -1.875000000000000000e-01
-1.000000000000000000e+00 -2.500000000000000000e-01
-1.000000000000000000e+00 -3.125000000000000000e-01
-1.000000000000000000e+00 -3.750000000000000000e-01
-1.000000000000000000e+00 -4.375000000000000000e-01
-1.000000000000000000e+00 -5.000000000000000000e-01
-1.000000000000000000e+00 -5.625000000000000000e-01
-1.000000000000000000e+00 -6.250000000000000000e-01
-1.000000000000000000e+00 -6.875000000000000000e-01
-1.000000000000000000e+00 -7.500000000000000000e-01
-1.000000000000000000e+00 -8.125000000000000000e-01
-1.000000000000000000e+00 -8.750000000000000000e-01
-1.000000000000000000e+00 -1.000000000000000000e+00
-9.375000000000000000e-01 -1.000000000000000000e+00
-8.750000000000000000e-01 -1.000000000000000000e+00
-8.125000000000000000e-01 -1.000000000000000000e+00
-7.500000000000000000e-01 -1.000000000000000000e+00
-6.875000000000000000e-01 -1.000000000000000000e+00
-6.250000000000000000e-01 -1.000000000000000000e+00
-5.625000000000000000e-01 -1.000000000000000000e+00
-5.000000000000000000e-01 -1.000000000000000000e+00
-4.375000000000000000e-01 -1.000000000000000000e+00
-3.750000000000000000e-01 -1.000000000000000000e+00
-3.125000000000000000e-01 -1.000000000000000000e+00
-2.500000000000000000e-01 -1.000000000000000000e+00
-1.875000000000000000e-01 -1.000000000000000000e+00
-1.250000000000000000e-01 -1.000000000000000000e+00
-6.250000000000000000e-02 -1.000000000000000000e+00
6.250000000000000000e-02 -1.000000000000000000e+00
1.250000000000000000e-01 -1.000000000000000000e+00
1.875000000000000000e-01 -1.000000000000000000e+00
2.500000000000000000e-01 -1.000000000000000000e+00
3.125000000000000000e-01 -1.000000000000000000e+00
3.750000000000000000e-01 -1.000000000000000000e+00
4.375000000000000000e-01 -1.000000000000000000e+00
5.000000000000000000e-01 -1.000000000000000000e+00
5.625000000000000000e-01 -1.000000000000000000e+00
6.250000000000000000e-01 -1.000000000000000000e+00
6.875000000000000000e-01 -1.000000000000000000e+00
7.500000000000000000e-01 -1.000000000000000000e+00
8.125000000000000000e-01 -1.000000000000000000e+00
8.750000000000000000e-01 -1.000000000000000000e+00
9.375000000000000000e-01 -1.000000000000000000e+00
1.000000000000000000e+00 -9.375000000000000000e-01
1.000000000000000000e+00 -8.750000000000000000e-01
1.000000000000000000e+00 -8.125000000000000000e-01
1.000000000000000000e+00 -7.500000000000000000e-01
1.000000000000000000e+00 -6.875000000000000000e-01
1.000000000000000000e+00 -6.250000000000000000e-01
1.000000000000000000e+00 -5.625000000000000000e-01
1.000000000000000000e+00 -5.000000000000000000e-01
1.000000000000000000e+00 -4.375000000000000000e-01
1.000000000000000000e+00 -3.750000000000000000e-01
1.000000000000000000e+00 -3.125000000000000000e-01
1.000000000000000000e+00 -2.500000000000000000e-01
1.000000000000000000e+00 -1.875000000000000000e-01
1.000000000000000000e+00 -1.250000000000000000e-01
1.000000000000000000e+00 -6.250000000000000000e-02
9.375000000000000000e-01 0.000000000000000000e+00
8.750000000000000000e-01 0.000000000000000000e+00
8.125000000000000000e-01 0.000000000000000000e+00
7.500000000000000000e-01 0.000000000000000000e+00
6.875000000000000000e-01 0.000000000000000000e+00
6.250000000000000000e-01 0.000000000000000000e+00
5.625000000000000000e-01 0.000000000000000000e+00
5.000000000000000000e-01 0.000000000000000000e+00
4.375000000000000000e-01 0.000000000000000000e+00
3.750000000000000000e-01 0.000000000000000000e+00
3.125000000000000000e-01 0.000000000000000000e+00
2.500000000000000000e-01 0.000000000000000000e+00
1.875000000000000000e-01 0.000000000000000000e+00
1.250000000000000000e-01 0.000000000000000000e+00
-9.502000808715820312e-01 1.313459873199462891e-01
-9.006063342094421387e-01 4.889476299285888672e-02
-1.853253841400146484e-01 5.178059339523315430e-01
-8.937960863113403320e-02 3.647744655609130859e-01
-7.524617910385131836e-01 -3.938958048820495605e-01
-8.200722932815551758e-01 -4.669597744941711426e-01
3.919094800949096680e-01 -8.864223957061767578e-01
8.690707683563232422e-01 -7.923834323883056641e-01
7.493875026702880859e-01 -4.223369956016540527e-01
-2.415872216224670410e-01 -9.185085892677307129e-01
-9.770578742027282715e-01 1.562355756759643555e-01
9.440891742706298828e-01 -6.688406467437744141e-01
-8.631752729415893555e-01 4.471639394760131836e-01
-9.025696516036987305e-01 -5.672913193702697754e-01
-8.506060242652893066e-01 -1.226636767387390137e-01
-9.509003162384033203e-02 4.189437627792358398e-01
-9.418529868125915527e-01 2.333319187164306641e-02
-8.862807750701904297e-01 3.885301351547241211e-01
-1.101782321929931641e-01 -7.495490312576293945e-01
-7.384051680564880371e-01 4.440176486968994141e-01
8.102335929870605469e-01 -6.427370309829711914e-01
1.126145124435424805e-01 -2.977236509323120117e-01
6.039823293685913086e-01 -5.414432287216186523e-01
-4.698788523674011230e-01 2.144831418991088867e-01
-5.309021472930908203e-02 -9.011049866676330566e-01
-1.594483256340026855e-01 4.836453199386596680e-01
9.230929613113403320e-01 -8.849822878837585449e-01
-7.554487586021423340e-01 -8.743937015533447266e-01
-8.715505003929138184e-01 -8.373266458511352539e-01
-9.758126139640808105e-01 8.907377719879150391e-02
-9.460211992263793945e-01 7.132359743118286133e-01
-1.083812117576599121e-01 -2.075662016868591309e-01
-1.561492681503295898e-01 -6.421061754226684570e-01
-8.568905591964721680e-01 3.702831268310546875e-02
-2.489187717437744141e-01 1.359522342681884766e-01
-6.374829411506652832e-01 3.270013332366943359e-01
-5.088776350021362305e-02 3.597632646560668945e-01
-1.560277342796325684e-01 -5.303238630294799805e-01
-6.716777682304382324e-01 -1.062498688697814941e-01
-1.681246161460876465e-01 7.637313604354858398e-01
-6.459171175956726074e-01 1.414306163787841797e-01
-8.905702233314514160e-01 -9.618608355522155762e-01
-7.190904617309570312e-01 5.024319887161254883e-01
9.963939189910888672e-01 -7.525032758712768555e-02
-3.657731413841247559e-01 -7.654232382774353027e-01
-5.369876623153686523e-01 -3.097838759422302246e-01
-1.689025759696960449e-01 -1.176834702491760254e-01
-3.590883016586303711e-01 -6.954656839370727539e-01
-4.622256755828857422e-02 4.089964628219604492e-01
1.051756143569946289e-01 -6.158914566040039062e-01
-1.306200623512268066e-01 -2.267897129058837891e-02
5.906671285629272461e-01 -1.360011696815490723e-01
-3.813371062278747559e-01 6.238964796066284180e-01
8.736350536346435547e-01 -1.931027770042419434e-01
-7.188446521759033203e-01 -6.437673568725585938e-01
1.685655117034912109e-01 -1.604403853416442871e-01
8.936480283737182617e-01 -4.012602567672729492e-01
-3.064923882484436035e-01 9.001363515853881836e-01
-6.700994968414306641e-01 -6.619653701782226562e-01
-4.033209681510925293e-01 7.014139890670776367e-01
-7.404997348785400391e-01 -4.256215095520019531e-01
6.094315052032470703e-01 -1.106467843055725098e-01
-5.361983776092529297e-01 -5.495136380195617676e-01
-2.609194517135620117e-01 -7.684097290039062500e-01
1.118266582489013672e-01 -5.238769054412841797e-01
-3.658047318458557129e-01 -2.537655234336853027e-01
-6.059540510177612305e-01 5.394594669342041016e-01
-4.059363007545471191e-01 -7.514353394508361816e-01
-8.537627458572387695e-01 1.932458877563476562e-01
2.635357379913330078e-01 -6.318126320838928223e-01
7.410832643508911133e-01 -6.645896434783935547e-01
3.309912681579589844e-01 -2.485659122467041016e-01
5.545743703842163086e-01 -7.320886850357055664e-02
-2.762407064437866211e-02 -5.543625354766845703e-01
-4.051358699798583984e-01 2.640109062194824219e-01
5.269892215728759766e-01 -8.966692090034484863e-01
-7.079640626907348633e-01 -1.503181457519531250e-02
3.799706697463989258e-01 -5.542133450508117676e-01
-8.590724468231201172e-01 -7.086250185966491699e-01
-5.767412781715393066e-01 -6.264906525611877441e-01
6.815360784530639648e-01 -2.117367386817932129e-01
-1.589262485504150391e-02 -9.770600199699401855e-01
-2.287581562995910645e-01 -7.888867259025573730e-01
-1.978534460067749023e-02 6.089210510253906250e-03
-7.252999544143676758e-01 1.116859912872314453e-02
-3.706787228584289551e-01 -6.899313926696777344e-01
-9.798159003257751465e-01 2.434237003326416016e-01
7.355775833129882812e-01 -1.227790117263793945e-01
-8.357765078544616699e-01 2.927476167678833008e-01
-5.214519500732421875e-01 -3.204089403152465820e-02
2.508043050765991211e-01 -9.198117852210998535e-01
-8.618201017379760742e-01 4.367548227310180664e-01
-9.895466566085815430e-01 -9.005502462387084961e-01
-5.911328792572021484e-01 1.256985664367675781e-01
-5.498838424682617188e-01 3.611955642700195312e-01
-2.199364900588989258e-01 6.552596092224121094e-01
5.793931484222412109e-01 -4.203262329101562500e-01
-5.260604619979858398e-02 9.134217500686645508e-01
-4.797773957252502441e-01 -2.507594823837280273e-01
-1.441605687141418457e-01 7.086520195007324219e-01
-2.043412327766418457e-01 2.975912094116210938e-01
-9.191377162933349609e-01 5.143433809280395508e-01
-7.516020536422729492e-02 -9.790130257606506348e-01
-5.458967685699462891e-01 -1.590322256088256836e-01
-5.456894040107727051e-01 -6.341013908386230469e-01
-4.227403402328491211e-01 3.222562074661254883e-01
-7.102150917053222656e-01 1.393591165542602539e-01
-6.052466630935668945e-01 -4.201312661170959473e-01
5.811194181442260742e-01 -7.504619359970092773e-01
-5.492967367172241211e-01 -6.464519500732421875e-01
6.933948993682861328e-01 -9.616312384605407715e-01
-6.219579577445983887e-01 -6.303515434265136719e-01
-2.887809872627258301e-01 2.134795188903808594e-01
-4.786306023597717285e-01 -6.365129947662353516e-01
-5.135508179664611816e-01 -8.165206313133239746e-01
-2.554593682289123535e-01 -7.540764808654785156e-01
3.815038204193115234e-01 -6.904467344284057617e-01
-5.262976884841918945e-02 7.694852352142333984e-01
-1.632755398750305176e-01 -4.878590106964111328e-01
1.688888072967529297e-01 -4.126114845275878906e-01
8.728741407394409180e-01 -5.583908557891845703e-01
-5.564752817153930664e-01 -8.225031495094299316e-01
9.404131174087524414e-01 -6.892957687377929688e-01
3.465300798416137695e-01 -4.332435131072998047e-01
-3.328334689140319824e-01 4.019130468368530273e-01
3.417805433273315430e-01 -1.102085709571838379e-01
-6.980886459350585938e-01 -7.606247663497924805e-01
-8.726382255554199219e-01 6.785546541213989258e-01
8.306965827941894531e-01 -5.814737081527709961e-01
-5.025514960289001465e-01 9.108923673629760742e-01
-6.470320224761962891e-01 2.769839763641357422e-01
-7.647007107734680176e-01 -5.544989109039306641e-01
5.458561182022094727e-01 -3.085392713546752930e-01
-3.388667702674865723e-01 6.545902490615844727e-01
-8.279341459274291992e-01 4.787838459014892578e-02
-1.694220304489135742e-01 8.126620054244995117e-01
-9.880868196487426758e-01 -2.284488081932067871e-01
9.873852729797363281e-01 -2.210242152214050293e-01
-3.474649190902709961e-01 -3.044287562370300293e-01
-6.463291645050048828e-01 7.736928462982177734e-01
2.652922868728637695e-01 -2.740854620933532715e-01
-1.237481832504272461e-02 9.765338897705078125e-01
4.543900489807128906e-03 -9.338595271110534668e-01
1.724004745483398438e-03 -4.302473664283752441e-01
-9.718393087387084961e-01 2.673113346099853516e-02
-9.193741679191589355e-01 4.510998725891113281e-01
-7.485752701759338379e-01 -4.152243137359619141e-01
-3.799790143966674805e-01 6.063332557678222656e-01
-2.963981032371520996e-01 8.535807132720947266e-01
-1.420197486877441406e-01 5.793193578720092773e-01
9.998018741607666016e-01 -6.022633910179138184e-01
-8.769391179084777832e-01 9.938893318176269531e-01
-8.318969607353210449e-01 -9.578227400779724121e-01
4.387767314910888672e-01 -3.498142957687377930e-01
-9.462532401084899902e-01 -2.066313028335571289e-01
1.753878593444824219e-02 -8.017227649688720703e-01
-2.401334047317504883e-01 -3.443036675453186035e-01
9.586325883865356445e-01 -5.994100570678710938e-01
-3.042905330657958984e-01 -8.707578182220458984e-01
3.493567705154418945e-01 -4.742457866668701172e-01
3.537638187408447266e-01 -7.376193404197692871e-01
-2.061533331871032715e-01 5.049917697906494141e-01
9.420113563537597656e-01 -1.064605116844177246e-01
-2.163380980491638184e-01 1.047626733779907227e-01
-4.455274343490600586e-02 7.523638010025024414e-01
-8.891137838363647461e-01 5.626255273818969727e-01
-2.930363416671752930e-01 9.953230619430541992e-01
-3.401147127151489258e-01 6.234383583068847656e-01
-2.138821482658386230e-01 5.094529390335083008e-01
-2.820386886596679688e-01 -4.175548553466796875e-01
5.077185630798339844e-01 -8.626978397369384766e-01
5.282642841339111328e-01 -3.898589611053466797e-01
2.591145038604736328e-02 -5.335949659347534180e-01
-3.859745860099792480e-01 -2.881932854652404785e-01
-1.804767847061157227e-01 3.003292083740234375e-01
4.245359897613525391e-01 -1.819553971290588379e-01
-8.277608752250671387e-01 2.246233224868774414e-01
-2.340412735939025879e-01 1.960473060607910156e-01
2.684813737869262695e-01 -2.905335426330566406e-01
8.756994009017944336e-01 -3.409832715988159180e-02
-1.459230184555053711e-01 -7.026918530464172363e-01
-8.875489234924316406e-01 1.041795015335083008e-01
-8.134973645210266113e-01 2.719751596450805664e-01
2.729362249374389648e-01 -2.257165312767028809e-01
-5.636916160583496094e-01 -5.493373870849609375e-01
2.849520444869995117e-01 -1.602818369865417480e-01
-4.953358769416809082e-01 -2.962175607681274414e-01
-6.130271553993225098e-01 -5.443145036697387695e-01
-1.454899907112121582e-01 4.548593759536743164e-01
-2.507221698760986328e-02 3.241883516311645508e-01
-2.140852212905883789e-01 -2.172988653182983398e-01
-9.529511332511901855e-01 -4.460906982421875000e-02
-1.879242062568664551e-01 3.157593011856079102e-01
-8.628821969032287598e-01 5.167071819305419922e-01
-6.884277462959289551e-01 -5.566544532775878906e-01
-1.137566566467285156e-01 5.527223348617553711e-01
-2.904900908470153809e-01 7.247463464736938477e-01
4.013853073120117188e-01 -9.584552645683288574e-01
6.584620475769042969e-01 -8.539743423461914062e-01
4.568016529083251953e-01 -2.876452207565307617e-01
-5.569014549255371094e-01 -8.239794969558715820e-01
-1.792341470718383789e-02 3.539912700653076172e-01
-9.952016472816467285e-01 9.867826700210571289e-01
2.931702136993408203e-02 -4.611195921897888184e-01
1.634588241577148438e-01 -9.533569216728210449e-01
-1.165350079536437988e-01 -8.869912028312683105e-01
-1.666698455810546875e-01 4.490077495574951172e-01
-4.791218042373657227e-02 -7.653056383132934570e-01
-4.098013639450073242e-01 -4.450308084487915039e-01
-8.151473402976989746e-01 -5.004484653472900391e-01
-9.386805891990661621e-01 -8.747005462646484375e-01
-7.075663805007934570e-01 -8.882370591163635254e-01
-6.275723576545715332e-01 3.053581714630126953e-02
-8.950399756431579590e-01 7.551739215850830078e-01
-5.449196696281433105e-01 8.846886157989501953e-01
5.732375383377075195e-01 -1.863480806350708008e-01
-9.280785322189331055e-01 -2.154182195663452148e-01
-3.815903663635253906e-01 5.774646997451782227e-01
7.553461790084838867e-01 -9.979761838912963867e-01
3.596308231353759766e-01 -5.360212326049804688e-01
-2.479014396667480469e-01 -5.600684881210327148e-01
-1.644995212554931641e-01 -8.801164627075195312e-01
-5.430221557617187500e-01 4.609087705612182617e-01
3.370260000228881836e-01 -5.578816533088684082e-01
-2.787951827049255371e-01 3.505597114562988281e-01
-3.582534193992614746e-01 1.129356622695922852e-01
-9.829149842262268066e-01 8.514034748077392578e-01
6.654502153396606445e-01 -7.260191440582275391e-01
-5.776280164718627930e-02 -4.058163166046142578e-01
-4.560816287994384766e-01 -8.664268255233764648e-02
-6.478509902954101562e-01 -5.782030820846557617e-01
-1.059336066246032715e-01 8.730192184448242188e-01
1.654127836227416992e-01 -3.355867266654968262e-01
-3.934611082077026367e-01 8.368471860885620117e-01
5.750819444656372070e-01 -5.658590793609619141e-02
-3.903601169586181641e-01 6.116154193878173828e-01
-2.386715412139892578e-01 -4.313387274742126465e-01
-3.613173961639404297e-03 -4.856492877006530762e-01
7.429122924804687500e-01 -7.477695941925048828e-01
-7.840428352355957031e-01 1.129826307296752930e-01
9.843412637710571289e-01 -5.513427853584289551e-01
-8.978919386863708496e-01 9.516023397445678711e-01
9.003081321716308594e-01 -4.327514171600341797e-01
9.417027235031127930e-01 -1.938170790672302246e-01
-6.506305932998657227e-01 2.884283065795898438e-01
-6.843775510787963867e-01 -7.010287046432495117e-01
-9.643420577049255371e-01 -5.288279652595520020e-01
1.217561960220336914e-01 -8.222968578338623047e-01
-6.766196489334106445e-01 -9.362238049507141113e-01
-1.828321814537048340e-01 -3.401809334754943848e-01
-3.512449264526367188e-01 -6.670569181442260742e-01
-2.503347396850585938e-02 1.139858961105346680e-01
-9.143426418304443359e-01 -3.073032498359680176e-01
5.522330999374389648e-01 -2.627158164978027344e-02
-1.430041193962097168e-01 -9.503064751625061035e-01
-6.383954286575317383e-01 -1.640310287475585938e-01
-6.550222039222717285e-01 4.243090152740478516e-01
4.484641551971435547e-02 -8.288680315017700195e-01
-4.160534143447875977e-01 -2.924519181251525879e-01
7.850189208984375000e-01 -8.342265486717224121e-01
6.088279485702514648e-01 -5.960844159126281738e-01
-3.191969394683837891e-01 -3.684840798377990723e-01
-7.836257815361022949e-01 -2.076110243797302246e-01
-9.284475445747375488e-01 3.245252370834350586e-01
-1.770946979522705078e-01 -1.896780133247375488e-01
-3.459758162498474121e-01 -3.581802248954772949e-01
-6.563878059387207031e-02 7.237793207168579102e-01
-1.643595695495605469e-01 -3.200562596321105957e-01
-8.873581886291503906e-03 -4.374549388885498047e-01
6.152760982513427734e-01 -8.605573773384094238e-01
5.472278594970703125e-02 -8.353844881057739258e-01
-9.768152236938476562e-02 5.303989648818969727e-01
1.315928697586059570e-01 -8.387477397918701172e-01
-9.128031730651855469e-01 1.027650833129882812e-01
-5.467959642410278320e-01 -8.091204166412353516e-01
-7.635625004768371582e-01 6.106476783752441406e-01
6.765986680984497070e-01 -8.749308586120605469e-01
-7.304471135139465332e-01 -3.464930057525634766e-01
-3.224383592605590820e-01 5.786019563674926758e-01
-6.272281408309936523e-01 -1.814542412757873535e-01
-6.186722517013549805e-01 -9.472295045852661133e-01
-5.159360170364379883e-01 7.501029968261718750e-02
5.746606588363647461e-01 -2.732948064804077148e-01
6.090255975723266602e-01 -1.891081929206848145e-01
-3.979157209396362305e-01 -9.258585572242736816e-01
-2.661415338516235352e-01 2.601472139358520508e-01
5.267813205718994141e-01 -2.536231875419616699e-01
-6.154038906097412109e-01 7.735557556152343750e-01
1.489340066909790039e-01 -8.810327053070068359e-01
1.889177560806274414e-01 -4.967758655548095703e-01
-2.000840902328491211e-01 6.295258998870849609e-01
-2.290375232696533203e-01 -2.322331666946411133e-01
5.724084377288818359e-02 -5.716574192047119141e-02
8.095194101333618164e-01 -9.439193010330200195e-01
5.294215679168701172e-01 -4.045298099517822266e-01
-6.693819165229797363e-01 2.578972578048706055e-01
-8.977106213569641113e-01 -6.506326198577880859e-01
-3.389086127281188965e-01 6.609539985656738281e-01
-6.527875065803527832e-01 6.135674715042114258e-01
7.449190616607666016e-01 -8.908635973930358887e-01
-5.817039608955383301e-01 -8.069336414337158203e-03
-3.595089912414550781e-01 -2.189285755157470703e-01
-1.337795853614807129e-01 9.344031810760498047e-01
-9.069014787673950195e-01 9.445893764495849609e-01
8.558018207550048828e-01 -1.686947345733642578e-01
2.758418321609497070e-01 -9.845558404922485352e-01
-1.989989876747131348e-01 5.788531303405761719e-01
5.421304702758789062e-01 -8.780221343040466309e-01
-9.897751808166503906e-01 5.003278255462646484e-01
-9.350237846374511719e-01 7.886463403701782227e-01
-2.131999731063842773e-01 2.393156290054321289e-01
-2.953705787658691406e-01 -6.893379092216491699e-01
9.329169988632202148e-01 -2.148813009262084961e-01
9.333209991455078125e-01 -2.734723091125488281e-01
-4.614226818084716797e-01 5.329679250717163086e-01
-5.942426919937133789e-01 -9.925568699836730957e-01
-8.351052403450012207e-01 3.489946126937866211e-01
2.809047698974609375e-02 -1.115572452545166016e-02
7.851248979568481445e-01 -1.240237951278686523e-01
-9.167057871818542480e-01 -9.669042825698852539e-01
-3.987280726432800293e-01 -7.968130111694335938e-01
-9.307229518890380859e-01 -2.746176719665527344e-01
9.953558444976806641e-01 -5.902650952339172363e-01
7.968164682388305664e-01 -4.110546708106994629e-01
-2.208572030067443848e-01 -5.596661567687988281e-02
-2.056706547737121582e-01 3.721891641616821289e-01
9.110753536224365234e-01 -9.440777897834777832e-01
6.214317083358764648e-01 -9.028778076171875000e-01
5.076193809509277344e-02 -3.857530951499938965e-01
-8.182801008224487305e-01 -1.791799068450927734e-02
7.691502571105957031e-01 -8.223212957382202148e-01
-6.495535373687744141e-01 6.328508853912353516e-01
-6.459158658981323242e-02 2.983449697494506836e-01
9.653556346893310547e-02 -3.862199783325195312e-01
-5.784961581230163574e-01 3.145989179611206055e-01
2.174541950225830078e-01 -5.582624673843383789e-01
3.028073310852050781e-01 -2.289627790451049805e-01
-1.657327413558959961e-01 7.672985792160034180e-01
-1.520850062370300293e-01 2.053624391555786133e-01
3.367244005203247070e-01 -1.524126529693603516e-01
-4.422951340675354004e-01 -3.255566358566284180e-01
-3.999532461166381836e-01 -2.240459918975830078e-01
8.383899927139282227e-01 -6.316678524017333984e-01
9.653937816619873047e-02 -4.802867174148559570e-01
5.272796154022216797e-01 -9.447240829467773438e-01
4.361916780471801758e-01 -2.500764727592468262e-01
8.713858127593994141e-01 -9.756717085838317871e-01
-8.465177416801452637e-01 1.282005310058593750e-01
-5.465397834777832031e-01 8.669329881668090820e-01
-5.543231964111328125e-01 -6.846022605895996094e-01
-9.970355033874511719e-01 -1.393707394599914551e-01
-7.886990308761596680e-01 4.368163347244262695e-01
-4.817513823509216309e-01 -1.679360866546630859e-01
-2.522655129432678223e-01 6.907538175582885742e-01
-9.342275857925415039e-01 2.938940525054931641e-01
3.464241027832031250e-01 -8.351620435714721680e-01
-2.653018236160278320e-01 -3.095111250877380371e-01
-6.821243762969970703e-01 -4.197056293487548828e-01
5.210851430892944336e-01 -3.351655006408691406e-01
-6.333906650543212891e-01 7.425482273101806641e-01
-7.988581061363220215e-01 -6.774801015853881836e-02
-7.265707254409790039e-01 -7.176382541656494141e-01
8.162331581115722656e-02 -9.112436175346374512e-01
-7.138878107070922852e-01 -3.559740781784057617e-01
9.363553524017333984e-01 -4.317640066146850586e-01
2.088024616241455078e-01 -6.219902038574218750e-01
-8.814322948455810547e-01 2.400933504104614258e-01
-3.120684623718261719e-02 5.945146083831787109e-01
8.319655656814575195e-01 -2.676227092742919922e-01
-1.592960953712463379e-01 9.518183469772338867e-01
4.038151502609252930e-01 -9.334133863449096680e-01
-7.682046294212341309e-01 1.910727024078369141e-01
-7.083923816680908203e-01 6.627368927001953125e-01
-3.887231945991516113e-01 -1.480179429054260254e-01
1.080682277679443359e-01 -9.414584040641784668e-01
-5.803747177124023438e-01 -9.416234493255615234e-02
-4.771291017532348633e-01 -4.746000170707702637e-01
-8.609092235565185547e-02 7.941315174102783203e-01
-8.124167323112487793e-01 9.422596693038940430e-01
-6.821480989456176758e-01 7.062447071075439453e-02
5.944217443466186523e-01 -5.006020069122314453e-01
-3.992087841033935547e-01 7.631002664566040039e-01
-6.746566295623779297e-01 -9.498011469841003418e-01
8.492721319198608398e-01 -2.738498449325561523e-01
-5.106343030929565430e-01 7.031776905059814453e-01
-4.983928799629211426e-01 -1.219338178634643555e-01
-2.177156805992126465e-01 -8.486914038658142090e-01
-7.829200029373168945e-01 -9.178179502487182617e-02
3.858757019042968750e-02 -6.537617444992065430e-01
-9.346807599067687988e-01 5.221225023269653320e-01
3.073673248291015625e-01 -3.701992630958557129e-01
5.018225908279418945e-01 -6.811088323593139648e-01
-7.825145721435546875e-01 8.048281669616699219e-01
9.278894662857055664e-01 -1.899700164794921875e-01
9.850522279739379883e-01 -6.139652729034423828e-01
-3.757835030555725098e-01 2.534751892089843750e-01
-9.654701352119445801e-01 -6.126147508621215820e-01
-1.441198587417602539e-01 3.258430957794189453e-02
-5.424052476882934570e-01 3.215996026992797852e-01
-9.372814893722534180e-01 -9.692586064338684082e-01
-2.835071682929992676e-01 9.009838104248046875e-03
-4.232845306396484375e-01 -2.956320047378540039e-01
-9.404921531677246094e-02 -2.963472008705139160e-01
-7.150803208351135254e-01 5.358315706253051758e-01
6.597216129302978516e-01 -6.753726005554199219e-01
6.095967292785644531e-01 -6.388252377510070801e-01
-2.745286822319030762e-01 -9.486199617385864258e-01
-8.616802096366882324e-01 7.664656639099121094e-01
-7.085263729095458984e-02 -3.707585930824279785e-01
-3.693521022796630859e-01 6.742596626281738281e-02
4.741632938385009766e-02 -4.925975203514099121e-01
-6.998823881149291992e-01 -7.096626758575439453e-01
-8.872697949409484863e-01 2.385015487670898438e-01
1.680196523666381836e-01 -1.307173967361450195e-01
-3.882604837417602539e-01 8.413991928100585938e-01
9.617316722869873047e-01 -5.895105600357055664e-01
-7.420874238014221191e-01 -5.795435905456542969e-01
7.734377384185791016e-01 -1.657823920249938965e-01
9.574539661407470703e-01 -8.492493629455566406e-01
5.935776233673095703e-02 -6.386606097221374512e-01
-4.352287054061889648e-01 -6.478387117385864258e-01
5.077754259109497070e-01 -9.122424125671386719e-01
-1.345418691635131836e-01 -5.459254980087280273e-02
-3.693688511848449707e-01 -8.279275298118591309e-01
-1.303557157516479492e-01 -1.493222713470458984e-01
8.429551124572753906e-02 -9.576233625411987305e-01
5.070579051971435547e-02 -2.295591235160827637e-01
7.477099895477294922e-01 -6.156861782073974609e-02
-9.832124710083007812e-01 -9.424199461936950684e-01
4.369406700134277344e-01 -8.073620796203613281e-01
-7.126134634017944336e-02 -6.666442751884460449e-01
-8.943809270858764648e-01 -8.439275622367858887e-01
8.546574115753173828e-01 -1.801877617835998535e-01
-4.016446471214294434e-01 -8.029170632362365723e-01
-6.941243410110473633e-01 -1.926059722900390625e-01
-1.019482016563415527e-01 -7.146714925765991211e-01
4.748380184173583984e-01 -8.018258810043334961e-01
3.887287378311157227e-01 -6.893341541290283203e-01
4.780262708663940430e-01 -7.369756698608398438e-03
3.657631874084472656e-01 -7.807165384292602539e-01
-6.094371080398559570e-01 5.467125177383422852e-01
-5.149148702621459961e-01 8.565465211868286133e-01
8.816139698028564453e-01 -8.926836252212524414e-01
-8.571332693099975586e-01 -8.305662870407104492e-02
-9.919272065162658691e-01 2.256413698196411133e-01
1.838403940200805664e-01 -2.741116881370544434e-01
4.627732038497924805e-01 -1.465138196945190430e-01
-7.546023130416870117e-01 7.119758129119873047e-01
3.833382129669189453e-01 -4.914163947105407715e-01
-3.993782997131347656e-01 -5.769476294517517090e-01
1.802171468734741211e-01 -1.128723025321960449e-01
-3.731947541236877441e-01 9.155853986740112305e-01
-5.952481031417846680e-01 3.557766675949096680e-01
-6.049620509147644043e-01 -9.063762426376342773e-01
-7.919551730155944824e-01 -7.301365137100219727e-01
6.705721616744995117e-01 -9.147142171859741211e-01
6.553552150726318359e-01 -7.067983746528625488e-01
-5.781725645065307617e-01 -4.730707406997680664e-01
-1.327318549156188965e-01 -6.815214157104492188e-01
-8.030651211738586426e-01 9.085431098937988281e-01
-9.046728014945983887e-01 -6.005618572235107422e-01
6.967755556106567383e-01 -3.973676562309265137e-01
2.390718460083007812e-02 -4.045745134353637695e-01
2.170258760452270508e-01 -6.293458938598632812e-01
7.545387744903564453e-02 -7.653615474700927734e-01
6.208853721618652344e-01 -6.311243772506713867e-02
6.018218994140625000e-01 -2.411332130432128906e-01
-5.879778265953063965e-01 -4.744555354118347168e-01
-5.953836441040039062e-01 -4.817809462547302246e-01
4.562964439392089844e-01 -2.156513333320617676e-01
-4.267150163650512695e-01 7.852708101272583008e-01
-2.020953893661499023e-01 -6.505729556083679199e-01
-7.481839656829833984e-01 -7.210369706153869629e-01
-9.665391445159912109e-01 2.302100658416748047e-01
-6.517306566238403320e-01 7.214529514312744141e-01
-9.800528883934020996e-01 2.906063795089721680e-01
7.637274265289306641e-01 -6.747638583183288574e-01
-6.051381826400756836e-01 6.878658533096313477e-01
6.342937946319580078e-01 -7.957705259323120117e-01
-9.111523628234863281e-01 4.401276111602783203e-01
-2.886044979095458984e-01 5.193971395492553711e-01
6.914105415344238281e-01 -3.865659236907958984e-02
4.112758636474609375e-01 -6.868613958358764648e-01
-4.192882776260375977e-01 -9.152556061744689941e-01
-8.185219764709472656e-01 4.792805910110473633e-01
5.710225105285644531e-01 -8.619487881660461426e-01
-7.869554162025451660e-01 -5.708009600639343262e-01
-5.617456436157226562e-01 -3.419854044914245605e-01
8.116877079010009766e-02 -1.679320335388183594e-01
6.225322484970092773e-01 -3.372480869293212891e-01
-9.284838438034057617e-01 9.452975988388061523e-01
-6.479352712631225586e-01 8.993234634399414062e-01
-7.661146521568298340e-01 -8.258257508277893066e-01
-2.780587673187255859e-01 -2.129588723182678223e-01
-8.687145709991455078e-01 -8.174076080322265625e-01
-4.165455698966979980e-01 9.227784872055053711e-01
7.496223449707031250e-01 -7.558121085166931152e-01
-8.364853858947753906e-01 -5.440348982810974121e-01
-4.175400733947753906e-01 -2.548960447311401367e-01
6.414493322372436523e-01 -5.064451694488525391e-02
-1.861636042594909668e-01 2.990479469299316406e-01
-1.135762333869934082e-01 -4.012829065322875977e-02
3.646943569183349609e-01 -6.603608131408691406e-01
-2.200964093208312988e-01 5.775698423385620117e-01
-1.595011949539184570e-01 -2.628750205039978027e-01
-4.336808919906616211e-01 -7.973939180374145508e-01
-9.457668066024780273e-01 2.400259971618652344e-01
9.661600589752197266e-01 -1.776208281517028809e-01
6.831808090209960938e-01 -1.667296886444091797e-02
6.906542778015136719e-01 -9.659701585769653320e-01
-9.947174787521362305e-02 -9.851782917976379395e-01
-9.387204647064208984e-01 6.921088695526123047e-02
-1.125395298004150391e-01 1.920855045318603516e-01
-4.285326600074768066e-01 -4.306696057319641113e-01
3.023543357849121094e-01 -7.914512157440185547e-01
9.077646732330322266e-01 -1.664060354232788086e-01
9.968063831329345703e-01 -8.940240144729614258e-01
-9.786108136177062988e-01 -6.969656944274902344e-01
9.462692737579345703e-01 -2.597841620445251465e-01
3.505288362503051758e-01 -1.017515659332275391e-01
-1.046744585037231445e-01 7.048597335815429688e-01
7.134222984313964844e-01 -6.318602561950683594e-01
-1.288879513740539551e-01 -7.409644126892089844e-01
3.487598896026611328e-01 -5.452454090118408203e-01
-9.730162620544433594e-01 -4.122859239578247070e-02
-6.876911520957946777e-01 -8.329032063484191895e-01
4.012066125869750977e-01 -4.023250937461853027e-01
-7.204481959342956543e-01 -3.147156834602355957e-01
-2.029546499252319336e-01 7.870867252349853516e-01
-9.770374894142150879e-01 -6.730656623840332031e-01
-8.139896392822265625e-02 -1.551110744476318359e-01
-7.413303852081298828e-02 -1.944535970687866211e-02
-8.864736557006835938e-01 -2.185285091400146484e-02
-5.292428135871887207e-01 2.848207950592041016e-02
-3.012071251869201660e-01 -4.739857912063598633e-01
5.371148586273193359e-01 -7.745661735534667969e-01
3.769118785858154297e-01 -5.973519086837768555e-01
9.148762226104736328e-01 -5.481481552124023438e-01
-4.614228010177612305e-01 4.551231861114501953e-02
-2.354193329811096191e-01 -6.077294349670410156e-01
-5.391421914100646973e-01 2.518733739852905273e-01
-1.025683283805847168e-01 2.441385984420776367e-01
-2.532903552055358887e-01 1.048108339309692383e-01
-5.129542946815490723e-01 -7.434486150741577148e-01
-5.045376420021057129e-01 4.408128261566162109e-01
3.908189535140991211e-01 -3.925896286964416504e-01
-8.627253770828247070e-01 -1.255685091018676758e-01
-7.686563730239868164e-01 4.797227382659912109e-01
6.028168201446533203e-01 -4.550532698631286621e-01
8.516993522644042969e-01 -8.770964145660400391e-01
-7.581026554107666016e-01 -8.335450887680053711e-01
-9.227753877639770508e-01 2.112873792648315430e-01
2.844308614730834961e-01 -3.245815634727478027e-01
2.508183717727661133e-01 -9.876844882965087891e-01
-7.896944284439086914e-01 -5.512543916702270508e-01
-3.828226923942565918e-01 -1.054132580757141113e-01
5.300939083099365234e-02 -7.408590316772460938e-01
4.270316362380981445e-01 -5.432153940200805664e-01
4.588427543640136719e-01 -6.338974237442016602e-01
-9.908459186553955078e-01 -9.016680717468261719e-01
-9.651492834091186523e-01 7.254629135131835938e-01
-1.262215971946716309e-01 6.613174676895141602e-01
5.249830484390258789e-01 -2.050691246986389160e-01
-1.411893963813781738e-01 -1.873009800910949707e-01
-5.964825153350830078e-01 8.978109359741210938e-01
-3.058918118476867676e-01 -6.136298775672912598e-01
-2.123535871505737305e-01 6.283147335052490234e-01
6.018555164337158203e-02 -8.017625212669372559e-01
-3.050305247306823730e-01 -6.216806769371032715e-01
-1.308745145797729492e-02 4.171574115753173828e-01
8.372691869735717773e-01 -6.660166978836059570e-01
8.372272253036499023e-01 -6.236040592193603516e-01
-5.015419125556945801e-01 3.543822765350341797e-01
-1.698189377784729004e-01 -9.934939742088317871e-01
-9.568811058998107910e-01 -1.955912113189697266e-01
9.218335151672363281e-03 -2.164179086685180664e-01
-7.615737318992614746e-01 4.716321229934692383e-01
5.624387264251708984e-01 -9.492212533950805664e-02
9.441897869110107422e-01 -8.520926237106323242e-01
8.079802989959716797e-01 -9.853139519691467285e-01
-1.714050769805908203e-01 7.502501010894775391e-01
-3.458291292190551758e-02 -3.640391826629638672e-01
-8.823857307434082031e-01 -9.576550722122192383e-01
9.260845184326171875e-02 -4.989767074584960938e-01
-8.455380201339721680e-01 3.141874074935913086e-01
-3.136276602745056152e-01 3.422820568084716797e-01
-4.669113159179687500e-01 -4.032919406890869141e-01
7.787203788757324219e-02 -9.235865473747253418e-01
-3.715002536773681641e-01 -8.078191876411437988e-01
6.673433780670166016e-01 -5.812210440635681152e-01
3.434062004089355469e-03 -4.485362768173217773e-01
1.871186494827270508e-01 -4.148003458976745605e-01
1.851705312728881836e-01 -5.677466392517089844e-01
-5.366144180297851562e-01 -9.492714405059814453e-01
-1.928511261940002441e-01 6.701546907424926758e-01
-5.700635910034179688e-02 2.096503973007202148e-01
7.343355417251586914e-01 -3.951029777526855469e-01
-5.180701017379760742e-01 -4.571598768234252930e-02
-7.195997834205627441e-01 9.558827877044677734e-01
7.898234128952026367e-01 -9.850601553916931152e-01
-7.842721343040466309e-01 -3.610181808471679688e-01
-8.037633895874023438e-01 6.567749977111816406e-01
-5.606970787048339844e-01 -9.008599519729614258e-01
-7.144750356674194336e-01 7.896924018859863281e-02
9.649392366409301758e-01 -4.023829102516174316e-01
-6.104104518890380859e-01 -5.164167881011962891e-01
-9.056175351142883301e-01 5.579936504364013672e-01
4.661066532135009766e-01 -3.934190273284912109e-01
9.822202920913696289e-01 -4.540091753005981445e-02
-9.234210252761840820e-01 8.324739933013916016e-01
5.501216650009155273e-01 -7.478805184364318848e-01
-7.538675665855407715e-01 -7.763152718544006348e-01
7.210668325424194336e-01 -7.254824638366699219e-01
-1.446009278297424316e-01 3.001868724822998047e-01
-6.808928251266479492e-01 7.463419437408447266e-02
-7.801558971405029297e-01 2.581812143325805664e-01
-2.848632335662841797e-01 1.487945318222045898e-01
-4.673467874526977539e-01 5.522904396057128906e-01
7.396734952926635742e-01 -1.036244034767150879e-01
5.770926475524902344e-01 -1.001598238945007324e-01
8.427820205688476562e-01 -8.685048818588256836e-01
-3.534168601036071777e-01 5.720087289810180664e-01
-3.789227604866027832e-01 2.265977859497070312e-01
-4.907590150833129883e-02 4.721058607101440430e-01
-9.506860375404357910e-01 -6.234468817710876465e-01
-2.061495184898376465e-01 -1.779624223709106445e-01
-4.130710959434509277e-01 7.972986698150634766e-01
5.529028177261352539e-01 -3.920060396194458008e-01
-8.488686680793762207e-01 -6.248286962509155273e-01
-1.802407503128051758e-01 -7.000930309295654297e-01
-1.898659467697143555e-01 -8.895909190177917480e-01
1.016498804092407227e-01 -2.623485326766967773e-01
-1.804327964782714844e-02 -3.611880540847778320e-02
-3.729573488235473633e-01 -5.019416809082031250e-01
-1.580867767333984375e-01 -6.985803842544555664e-01
-7.602572441101074219e-03 7.649008035659790039e-01
7.959140539169311523e-01 -3.867721557617187500e-01
7.701733112335205078e-01 -4.724552631378173828e-01
-6.562999486923217773e-01 -6.060205698013305664e-01
-6.427146196365356445e-01 -6.476728916168212891e-01
8.817056417465209961e-01 -6.401625871658325195e-01
1.772369146347045898e-01 -4.611777067184448242e-01
-3.212652206420898438e-01 3.929620981216430664e-01
1.419330835342407227e-01 -5.156649351119995117e-01
-6.845469474792480469e-01 2.672252655029296875e-01
-4.479090571403503418e-01 -8.849390745162963867e-01
-6.027737259864807129e-01 5.860719680786132812e-01
-4.231119751930236816e-01 -4.072482585906982422e-01
-2.692208886146545410e-01 4.882706403732299805e-01
-1.031568050384521484e-01 -3.499361276626586914e-01
4.506170749664306641e-01 -4.992110133171081543e-01
1.705147027969360352e-01 -2.407278418540954590e-01
-4.351733326911926270e-01 -3.353894352912902832e-01
1.996144056320190430e-01 -8.252574801445007324e-01
-3.481693863868713379e-01 -5.491019487380981445e-01
-7.856556177139282227e-01 5.253078937530517578e-01
5.177470445632934570e-01 -1.283575296401977539e-01
-1.511317491531372070e-01 7.498575448989868164e-01
-1.994011402130126953e-01 -3.531866669654846191e-01
-7.842865586280822754e-01 -2.063664793968200684e-01
-3.039314150810241699e-01 -5.989463925361633301e-01
-6.539282798767089844e-01 7.148001194000244141e-01
-8.633504509925842285e-01 -4.710487127304077148e-01
1.027426719665527344e-01 -2.903759479522705078e-03
-9.855048060417175293e-01 -9.869059920310974121e-01
1.335511207580566406e-01 -7.096061110496520996e-01
-3.940577507019042969e-01 5.925450325012207031e-01
-2.374362349510192871e-01 -8.517391681671142578e-01
-9.879841804504394531e-01 9.812450408935546875e-01
9.362392425537109375e-01 -3.945754766464233398e-01
-3.343095183372497559e-01 1.100786924362182617e-01
-3.578931689262390137e-01 9.513250589370727539e-01
-1.688656210899353027e-01 -5.623422861099243164e-01
3.451011180877685547e-01 -5.491175651550292969e-01
-5.852705240249633789e-02 9.962188005447387695e-01
-1.480044126510620117e-01 -5.875397324562072754e-01
-2.484723925590515137e-01 3.057018518447875977e-01
-1.713531613349914551e-01 5.100641250610351562e-01
-9.083936214447021484e-01 9.489861726760864258e-01
-3.297798633575439453e-01 8.065556287765502930e-01
-9.668937921524047852e-01 -9.408847689628601074e-01
-7.352138757705688477e-01 -8.153210878372192383e-01
8.998886346817016602e-01 -1.079452037811279297e-01
-2.024859189987182617e-02 3.679220676422119141e-01
6.565058231353759766e-01 -2.320510745048522949e-01
-8.435314893722534180e-01 -1.411442160606384277e-01
-1.126109957695007324e-01 -5.280582904815673828e-01
8.787084817886352539e-01 -9.168860316276550293e-01
-5.671261548995971680e-01 -2.450370788574218750e-01
1.055113077163696289e-01 -9.192444682121276855e-01
5.930595397949218750e-01 -9.322254657745361328e-01
8.074644804000854492e-01 -7.459779977798461914e-01
-3.424676060676574707e-01 5.414174795150756836e-01
-5.393303632736206055e-01 8.682335615158081055e-01
-1.902545094490051270e-01 -4.009098410606384277e-01
-4.496042132377624512e-01 5.558948516845703125e-01
-4.642618894577026367e-01 -5.135413408279418945e-01
-5.136865377426147461e-02 5.390648841857910156e-01
6.334757804870605469e-01 -4.549988508224487305e-01
-8.803806304931640625e-01 1.332554817199707031e-01
-4.864458441734313965e-01 5.308419466018676758e-01
-4.998663067817687988e-01 3.147963285446166992e-01
-5.658469200134277344e-01 9.281266927719116211e-01
-6.519858837127685547e-01 -1.329129934310913086e-01
-3.149331808090209961e-01 5.575561523437500000e-02
8.049651384353637695e-01 -9.529350399971008301e-01
-8.557759523391723633e-01 7.871952056884765625e-01
6.683311462402343750e-01 -7.431234121322631836e-01
-4.551795721054077148e-01 5.288518667221069336e-01
1.557424068450927734e-01 -7.056665420532226562e-02
-5.730724334716796875e-01 -4.340192079544067383e-01
-6.493710279464721680e-01 1.343854665756225586e-01
5.934913158416748047e-01 -2.985018491744995117e-02
-3.492571711540222168e-01 -6.735721826553344727e-01
1.149461269378662109e-01 -3.657603859901428223e-01
2.426210641860961914e-01 -4.937669634819030762e-01
-1.236137151718139648e-01 -6.710187196731567383e-01
-1.971842050552368164e-01 7.396540641784667969e-01
-6.031869649887084961e-01 2.289395332336425781e-01
-4.872562289237976074e-01 9.589555263519287109e-01
5.453439950942993164e-01 -2.614440917968750000e-01
-5.327184200286865234e-01 -9.238899946212768555e-01
-1.221485137939453125e-01 8.459556102752685547e-01
2.141427993774414062e-02 -6.630332469940185547e-01
-2.320053577423095703e-01 -7.120480537414550781e-01
4.408882856369018555e-01 -7.479565739631652832e-01
-2.678868174552917480e-01 -9.086733460426330566e-01
-7.257621288299560547e-01 -7.486450672149658203e-01
-3.469779491424560547e-01 -5.736857056617736816e-01
5.628660917282104492e-01 -7.952631115913391113e-01
-5.423834919929504395e-01 -9.967465400695800781e-01
-1.526846289634704590e-01 -4.078926444053649902e-01
9.440238475799560547e-01 -7.131384015083312988e-01
-2.384961843490600586e-01 -2.223775386810302734e-01
-4.560388326644897461e-01 8.462625741958618164e-01
2.459397315979003906e-01 -9.916439652442932129e-01
-1.681933999061584473e-01 -8.749985098838806152e-01
-9.185290932655334473e-01 -5.679975748062133789e-01
-5.509793758392333984e-02 -7.995748519897460938e-01
2.697707414627075195e-01 -8.521033525466918945e-01
-8.119493722915649414e-01 9.195958375930786133e-01
2.197815179824829102e-01 -8.792718052864074707e-01
7.167760133743286133e-01 -1.646227240562438965e-01
-5.995736122131347656e-01 7.475171089172363281e-01
-4.476107954978942871e-01 -4.923903346061706543e-01
-9.823757410049438477e-02 -5.356611013412475586e-01
-1.766021251678466797e-01 7.005392313003540039e-01
-3.911387324333190918e-01 -7.102437019348144531e-01
9.382349252700805664e-01 -5.840343236923217773e-01
1.597350835800170898e-01 -9.775014519691467285e-01
-3.418685197830200195e-01 -7.347625494003295898e-02
-2.843338847160339355e-01 7.727866172790527344e-01
5.724656581878662109e-02 -2.469046711921691895e-01
9.424591064453125000e-01 -6.577545404434204102e-01
9.143253564834594727e-01 -5.066782236099243164e-01
-8.316764831542968750e-01 -9.960636496543884277e-01
6.519854068756103516e-02 -1.536200046539306641e-01
6.845432519912719727e-01 -4.292806982994079590e-01
-8.852738142013549805e-02 7.961835861206054688e-01
-5.279678106307983398e-02 -6.439698934555053711e-01
-3.980464935302734375e-01 -8.377037048339843750e-01
-2.913677096366882324e-01 3.115090131759643555e-01
-4.642263650894165039e-01 9.222686290740966797e-01
-3.772304654121398926e-01 -5.099300146102905273e-01
4.246556758880615234e-01 -3.594392538070678711e-01
-3.228321671485900879e-01 5.900087356567382812e-01
3.524632453918457031e-01 -3.240113854408264160e-01
-3.550711274147033691e-01 1.838028430938720703e-01
-8.794952034950256348e-01 5.942096710205078125e-01
5.205184221267700195e-01 -3.578325510025024414e-01
-8.693617582321166992e-02 1.704956293106079102e-01
-7.061984539031982422e-01 8.267693519592285156e-01
-9.153431057929992676e-01 -8.202121257781982422e-01
-8.651514649391174316e-01 -3.397464752197265625e-06
-9.845132231712341309e-01 3.488857746124267578e-01
-9.310353398323059082e-01 9.315736293792724609e-01
-4.410976767539978027e-01 -3.955162763595581055e-01
-5.484631061553955078e-01 -9.921802282333374023e-01
9.893643856048583984e-01 -1.311573386192321777e-01
-5.297229290008544922e-01 -5.791995525360107422e-01
-3.664631247520446777e-01 4.161669015884399414e-01
4.997270107269287109e-01 -3.324661254882812500e-01
-6.294727325439453125e-02 1.877739429473876953e-01
-2.226672172546386719e-01 -9.346690773963928223e-01
3.909841775894165039e-01 -1.086421012878417969e-01
-6.949895620346069336e-01 -1.130623817443847656e-01
6.260478496551513672e-02 -5.635257959365844727e-01
-2.611359357833862305e-01 3.554999828338623047e-01
-7.907629013061523438e-01 -1.947066187858581543e-01
-5.148777961730957031e-01 -1.664662957191467285e-01
-4.294036030769348145e-01 -1.779832243919372559e-01
-9.699341654777526855e-01 3.546977043151855469e-02
-1.252412796020507812e-03 5.590076446533203125e-01
2.554256916046142578e-01 -8.994738459587097168e-01
-8.845227956771850586e-02 4.785625934600830078e-01
-5.329331755638122559e-01 3.657630681991577148e-01
-6.953163146972656250e-01 -6.957889795303344727e-01
-7.704632878303527832e-01 -9.959778785705566406e-01
-7.985870838165283203e-01 3.988492488861083984e-02
-8.348393440246582031e-01 -7.137485742568969727e-01
9.015285968780517578e-02 -1.199681758880615234e-01
-7.951408624649047852e-01 4.295978546142578125e-01
-1.268358826637268066e-01 -4.077102541923522949e-01
-5.444833040237426758e-01 -2.995870113372802734e-01
-1.098816394805908203e-01 -6.541018486022949219e-01
2.295695543289184570e-01 -1.916586160659790039e-01
7.693113088607788086e-01 -6.763553619384765625e-02
-9.696430563926696777e-01 -8.183114528656005859e-01
2.960066795349121094e-01 -6.082612276077270508e-01
5.739028453826904297e-01 -7.166817188262939453e-01
5.045557022094726562e-02 -6.378672122955322266e-01
-3.637779951095581055e-01 -6.501765847206115723e-01
-1.373002529144287109e-01 6.463193893432617188e-01
-6.232720613479614258e-01 7.873718738555908203e-01
4.811828136444091797e-01 -8.506140708923339844e-01
-9.680771231651306152e-01 1.635314226150512695e-01
-7.958571314811706543e-01 4.178637266159057617e-01
-8.408746719360351562e-01 -4.878282546997070312e-03
-6.485829353332519531e-01 1.686849594116210938e-01
-7.339982390403747559e-01 4.173088073730468750e-01
9.675401449203491211e-01 -1.798147559165954590e-01
-3.084561824798583984e-01 -9.752146005630493164e-01
1.558121442794799805e-01 -3.042955994606018066e-01
6.108829975128173828e-01 -7.933277487754821777e-01
-3.292621970176696777e-01 3.969360589981079102e-01
3.155999183654785156e-01 -6.045544743537902832e-01
3.236428499221801758e-01 -6.174851655960083008e-01
-5.808372497558593750e-01 1.125117540359497070e-01
7.482578754425048828e-01 -4.496783018112182617e-01
-5.391287803649902344e-01 -4.623693227767944336e-01
-9.145833253860473633e-01 5.125749111175537109e-01
4.265993833541870117e-01 -1.873421669006347656e-01
-9.984812736511230469e-01 -5.293535590171813965e-01
2.073811292648315430e-01 -7.346749305725097656e-01
9.452240467071533203e-01 -2.148313522338867188e-01
-8.754988312721252441e-01 2.930228710174560547e-01
-1.168279647827148438e-01 2.092909812927246094e-01
-9.792858362197875977e-02 -5.653837919235229492e-01
-9.973036050796508789e-01 -1.871092319488525391e-01
8.194391727447509766e-01 -5.864687561988830566e-01
-5.801198482513427734e-01 9.113301038742065430e-01
-2.798646688461303711e-02 2.884495258331298828e-01
3.989396095275878906e-01 -9.478333592414855957e-01
-6.640265583992004395e-01 -2.694048285484313965e-01
6.599795818328857422e-01 -1.206375360488891602e-01
-2.035408020019531250e-01 4.402173757553100586e-01
-8.119388222694396973e-01 2.752494812011718750e-01
2.868171930313110352e-01 -4.784066677093505859e-01
-9.579755067825317383e-01 6.079481840133666992e-01
-4.081347584724426270e-01 1.129362583160400391e-01
1.271227598190307617e-01 -5.200451612472534180e-01
-6.350857019424438477e-01 9.135460853576660156e-01
-5.206047296524047852e-01 -4.179450273513793945e-01
-9.775460362434387207e-01 6.626580953598022461e-01
1.256994009017944336e-01 -4.803959727287292480e-01
-4.920560121536254883e-02 2.842422723770141602e-01
-1.904627680778503418e-01 2.926604747772216797e-01
4.043428897857666016e-01 -5.082395076751708984e-01
-9.630191922187805176e-01 4.844120740890502930e-01
5.915163755416870117e-01 -4.515473246574401855e-01
-4.929404258728027344e-01 2.496426105499267578e-01
-7.650290727615356445e-01 -3.340505957603454590e-01
8.042263984680175781e-02 -2.568547129631042480e-01
-6.872574090957641602e-01 7.668923139572143555e-01
-8.799842000007629395e-01 -5.033344030380249023e-02
8.627171516418457031e-01 -6.114974021911621094e-01
-8.495330810546875000e-02 2.056627273559570312e-01
-3.469700217247009277e-01 5.084564685821533203e-01
-9.629828929901123047e-01 5.891680717468261719e-03
7.086449861526489258e-01 -6.747334003448486328e-01
-6.748993992805480957e-01 9.713171720504760742e-01
-1.632056236267089844e-01 -5.723716020584106445e-01
5.572102069854736328e-01 -3.845409154891967773e-01
2.119144201278686523e-01 -4.864217042922973633e-01
5.324966907501220703e-01 -8.745429515838623047e-01
-5.073900222778320312e-01 3.224730491638183594e-02
-9.985720515251159668e-01 4.483938217163085938e-01
4.134194850921630859e-01 -5.855998992919921875e-01
-9.136188626289367676e-01 8.101727962493896484e-01
6.806817054748535156e-01 -2.820244431495666504e-01
8.688175678253173828e-02 -5.049536824226379395e-01
-2.954408526420593262e-01 -4.326173067092895508e-01
-4.323492646217346191e-01 9.535751342773437500e-01
-6.847524642944335938e-02 2.698925733566284180e-01
-3.283693194389343262e-01 -8.714396357536315918e-01
-5.361821055412292480e-01 7.952640056610107422e-01
-7.591766119003295898e-01 -7.716606855392456055e-01
-6.233692169189453125e-01 7.406446933746337891e-01
-7.324747443199157715e-01 2.627861499786376953e-01
-1.628617644309997559e-01 -6.565289497375488281e-01
9.991736412048339844e-01 -9.479941129684448242e-01
3.674523830413818359e-01 -5.004675388336181641e-01
-5.442577004432678223e-01 2.751845121383666992e-01
8.959319591522216797e-01 -1.681804656982421875e-02
-8.579437732696533203e-01 -6.985911726951599121e-01
-5.613657236099243164e-01 -8.553593158721923828e-01
-5.192088484764099121e-01 1.425522565841674805e-01
-1.915736794471740723e-01 -6.329743862152099609e-01
-5.993353128433227539e-01 -7.822593450546264648e-01
5.942807197570800781e-01 -3.475450277328491211e-01
-5.364532470703125000e-01 -3.827111721038818359e-01
-7.948261499404907227e-01 8.989462852478027344e-01
9.087613821029663086e-01 -2.356961965560913086e-01
8.629962205886840820e-01 -3.420773148536682129e-01
3.776694536209106445e-01 -9.168193340301513672e-01
-2.527262568473815918e-01 9.972151517868041992e-01
-3.836125731468200684e-01 -1.787247657775878906e-01
-2.776391506195068359e-01 9.128071069717407227e-01
-3.322947025299072266e-02 -7.009759545326232910e-01
-5.293164253234863281e-01 2.943716049194335938e-01
-1.049566268920898438e-01 -9.393804669380187988e-01
-9.842399358749389648e-01 5.413902997970581055e-01
-1.537781357765197754e-01 5.339097976684570312e-02
-4.643398523330688477e-02 -3.800014257431030273e-01
8.161977529525756836e-01 -8.476500511169433594e-01
9.933087825775146484e-01 -2.273808717727661133e-01
-7.852985858917236328e-01 4.856643676757812500e-01
-6.712378263473510742e-01 7.906782627105712891e-01
7.289718389511108398e-01 -5.726288557052612305e-01
-3.104413747787475586e-01 -4.480417370796203613e-01
-3.110850453376770020e-01 -2.214462161064147949e-01
-9.126979112625122070e-01 8.458102941513061523e-01
6.177390813827514648e-01 -6.074166297912597656e-01
1.595628261566162109e-01 -4.184715747833251953e-01
-3.180884122848510742e-01 8.908537626266479492e-01
-8.995254039764404297e-01 -2.096766233444213867e-02
-4.232877492904663086e-01 5.743017196655273438e-01
-9.468123912811279297e-01 3.409832715988159180e-01
-8.000281453132629395e-01 1.944288015365600586e-01
-8.624064922332763672e-02 9.557317495346069336e-01
2.711534500122070312e-01 -1.099666357040405273e-01
-9.768684506416320801e-01 5.436978340148925781e-01
-2.709996104240417480e-01 8.054289817810058594e-01
-3.055395483970642090e-01 8.886818885803222656e-01
2.233172655105590820e-01 -7.206416130065917969e-01
-9.973751902580261230e-01 -2.855873107910156250e-02
9.207547903060913086e-01 -8.101527690887451172e-01
2.226270437240600586e-01 -4.178315997123718262e-01
7.069754600524902344e-02 -2.738785743713378906e-02
-4.005975723266601562e-01 -1.364212036132812500e-01
-2.216092348098754883e-01 3.572914600372314453e-01
-1.632302999496459961e-02 -4.243577718734741211e-01
8.139003515243530273e-01 -5.350371599197387695e-01
-2.685694694519042969e-01 -5.610014200210571289e-01
-3.559994697570800781e-02 -9.068417549133300781e-02
-9.679019451141357422e-03 -6.947367191314697266e-01
-9.570137262344360352e-01 3.853031396865844727e-01
-3.055180311203002930e-01 -4.818850755691528320e-01
3.309307098388671875e-01 -2.346405386924743652e-01
3.940402269363403320e-01 -4.753151535987854004e-01
-1.470444202423095703e-01 -9.332395195960998535e-01
9.327709674835205078e-02 -2.777602672576904297e-01
-7.187933921813964844e-01 8.695368766784667969e-01
-9.172976016998291016e-02 3.122531175613403320e-01
-2.813572883605957031e-01 3.454134464263916016e-01
-3.362447023391723633e-01 7.735782861709594727e-01
-8.732694387435913086e-01 -8.090971708297729492e-01
-6.780998706817626953e-01 -1.748818755149841309e-01
-1.799591183662414551e-01 4.113131761550903320e-01
-3.207064867019653320e-01 -4.434824585914611816e-01
-4.261614680290222168e-01 1.884274482727050781e-01
-1.640421748161315918e-01 -9.079192876815795898e-01
-1.022198796272277832e-01 9.158641099929809570e-01
9.076199531555175781e-01 -8.542606830596923828e-01
-2.398595213890075684e-01 -3.374326825141906738e-01
-5.672324895858764648e-01 5.543518066406250000e-02
-5.722708702087402344e-01 -3.096479177474975586e-02
-1.735867857933044434e-01 1.894006729125976562e-01
2.736285924911499023e-01 -1.228258013725280762e-01
-5.634527206420898438e-01 4.424918889999389648e-01
9.484806060791015625e-01 -8.021819591522216797e-01
-5.612643957138061523e-01 -7.954411506652832031e-01
-7.619988918304443359e-02 3.475797176361083984e-01
3.701521158218383789e-01 -2.661726474761962891e-01
4.872010946273803711e-01 -8.119618892669677734e-02
5.087143182754516602e-01 -1.726461648941040039e-01
-9.288305640220642090e-01 1.629930734634399414e-01
5.331909656524658203e-02 -1.172369718551635742e-02
9.752814769744873047e-01 -8.518848419189453125e-01
7.548923492431640625e-01 -6.735579371452331543e-01
2.970798015594482422e-01 -8.616763353347778320e-01
1.804546117782592773e-01 -1.464380025863647461e-01
-9.807846546173095703e-01 2.603526115417480469e-01
-9.010599255561828613e-01 8.845529556274414062e-01
7.583255767822265625e-01 -2.413806319236755371e-01
6.804581880569458008e-01 -6.515650749206542969e-01
-6.010344624519348145e-01 5.768713951110839844e-01
-9.513032436370849609e-02 6.524479389190673828e-01
-3.533656597137451172e-01 -9.997854828834533691e-01
8.311200141906738281e-02 -2.795423269271850586e-01
4.520809650421142578e-01 -6.419266462326049805e-01
3.313031196594238281e-01 -1.302323937416076660e-01
-2.396346926689147949e-01 1.635639667510986328e-01
-5.336232781410217285e-01 -4.180093407630920410e-01
3.716752529144287109e-01 -2.929639220237731934e-01
-6.665289402008056641e-02 2.585464715957641602e-01
-1.145493984222412109e-02 6.466429233551025391e-01
6.302429437637329102e-01 -1.072968840599060059e-01
-8.339374065399169922e-01 9.008291959762573242e-01
6.509999036788940430e-01 -2.532522678375244141e-01
4.692089557647705078e-02 -7.356898784637451172e-01
-9.124316573143005371e-01 -8.405315876007080078e-01
-7.980620861053466797e-02 1.733312606811523438e-01
-8.739458322525024414e-01 1.659100055694580078e-01
6.941685676574707031e-01 -5.348005294799804688e-01
-8.088058233261108398e-02 -1.763908267021179199e-01
-6.498408913612365723e-01 8.056004047393798828e-01
-7.388103008270263672e-01 4.679142236709594727e-01
7.693003416061401367e-01 -7.848001122474670410e-01
-2.795264720916748047e-01 9.475523233413696289e-01
3.186129331588745117e-01 -8.890493512153625488e-01
1.705456972122192383e-01 -2.435201406478881836e-01
-3.568003773689270020e-01 8.500250577926635742e-01
8.066860437393188477e-01 -8.774952888488769531e-01
3.358135223388671875e-01 -5.925294160842895508e-01
-8.782165050506591797e-01 5.585538148880004883e-01
-6.204662322998046875e-01 2.584254741668701172e-01
5.284771919250488281e-01 -3.379668593406677246e-01
-2.444182038307189941e-01 6.025173664093017578e-01
6.248015165328979492e-01 -6.573791503906250000e-01
-2.571237683296203613e-01 6.540482044219970703e-01
-9.011476039886474609e-01 -7.926400899887084961e-01
5.946968793869018555e-01 -8.014999032020568848e-01
-3.330415487289428711e-02 7.535568475723266602e-01
2.991795539855957031e-02 -9.743872880935668945e-01
-2.150103449821472168e-01 1.051421165466308594e-01
-1.636416316032409668e-01 -1.133590936660766602e-02
-3.086468577384948730e-01 -1.906156539916992188e-04
1.654008626937866211e-01 -7.755630016326904297e-01
-8.449933528900146484e-01 2.471541166305541992e-01
-2.196789383888244629e-01 9.906262159347534180e-01
-7.265573740005493164e-01 7.971714735031127930e-01
9.056396484375000000e-01 -8.856223225593566895e-01
2.197545766830444336e-01 -5.931637287139892578e-01
-2.588539719581604004e-01 -5.268030166625976562e-01
9.392027854919433594e-01 -1.845557689666748047e-01
5.388793945312500000e-01 -4.709199070930480957e-01
-5.839837193489074707e-01 -9.918681979179382324e-01
-5.702793598175048828e-03 -2.544795274734497070e-01
3.986040353775024414e-01 -6.621867418289184570e-01
-8.008433580398559570e-01 5.589447021484375000e-01
6.267199516296386719e-01 -9.387424588203430176e-01
-7.520306706428527832e-01 -3.983234763145446777e-01
5.845117568969726562e-01 -9.065910577774047852e-01
-5.171084403991699219e-01 3.449767827987670898e-01
-9.355326890945434570e-01 -6.554470062255859375e-01
3.387923240661621094e-01 -6.520527601242065430e-01
-6.539920568466186523e-01 -3.188283443450927734e-01
-5.646636486053466797e-01 -2.207149863243103027e-01
-4.532951116561889648e-01 -4.626190066337585449e-01
-5.789074897766113281e-01 7.509254217147827148e-01
9.033071994781494141e-02 -1.685926318168640137e-01
-9.462516903877258301e-01 -7.988977432250976562e-01
-9.718304276466369629e-01 7.178850173950195312e-01
6.981763839721679688e-01 -5.531064271926879883e-01
4.707758426666259766e-01 -2.043033242225646973e-01
8.076907396316528320e-01 -7.824535965919494629e-01
-3.766572475433349609e-01 -9.401544928550720215e-01
-8.146348595619201660e-01 -5.573927164077758789e-01
-3.576725721359252930e-01 4.787900447845458984e-01
-2.060411572456359863e-01 -3.367136716842651367e-01
1.166247129440307617e-01 -7.490629553794860840e-01
-6.942754387855529785e-01 -1.350815296173095703e-01
-9.186978936195373535e-01 -7.587605714797973633e-01
-2.050770521163940430e-01 3.465576171875000000e-01
-1.418603062629699707e-01 -8.302346467971801758e-01
-1.807449460029602051e-01 2.441569566726684570e-01
-2.426218986511230469e-02 -9.542939662933349609e-01
-4.424876570701599121e-01 -8.027278780937194824e-01
2.086416482925415039e-01 -5.267578363418579102e-01
2.863261699676513672e-01 -9.031089544296264648e-01
-7.205283641815185547e-01 -9.499022364616394043e-01
5.651680231094360352e-01 -5.902528762817382812e-01
-8.726816177368164062e-01 -4.586127400398254395e-01
9.715465307235717773e-01 -4.615640044212341309e-01
-9.269247651100158691e-01 -5.541868805885314941e-01
3.520265817642211914e-01 -6.484333276748657227e-01
-4.191357493400573730e-01 -9.022473692893981934e-01
4.977648258209228516e-01 -4.923310279846191406e-01
-2.807955145835876465e-01 -7.747011184692382812e-01
-3.652448058128356934e-01 8.584351539611816406e-01
-3.268778324127197266e-01 -8.081403374671936035e-01
5.378472805023193359e-02 -9.318757057189941406e-02
-9.431288838386535645e-01 -4.677146077156066895e-01
-8.746167421340942383e-01 1.988646984100341797e-01
-2.313622832298278809e-01 -1.702853441238403320e-01
-8.295992016792297363e-01 1.420719623565673828e-01
-7.992345094680786133e-01 7.215245962142944336e-01
9.209607839584350586e-01 -9.347695708274841309e-01
6.909298896789550781e-02 -9.208359718322753906e-01
-6.685923337936401367e-01 7.201446294784545898e-01
1.628851890563964844e-02 -7.464720010757446289e-01
5.653972625732421875e-01 -1.913862228393554688e-01
-9.169687032699584961e-01 9.208874702453613281e-01
-7.450907230377197266e-01 -2.125293612480163574e-01
-5.467590093612670898e-01 6.584026813507080078e-01
-6.433401107788085938e-01 -1.886543035507202148e-01
-7.396142482757568359e-01 -3.778936266899108887e-01
-4.988641142845153809e-01 -1.878536343574523926e-01
-1.047639846801757812e-01 1.070535182952880859e-02
-6.670311689376831055e-01 -4.185551404953002930e-02
-3.787886500358581543e-01 -8.826816082000732422e-01
-2.608294486999511719e-01 2.162401676177978516e-01
9.852042198181152344e-01 -5.722060203552246094e-01
-5.593222379684448242e-02 1.599801778793334961e-01
-5.579133033752441406e-01 3.597341775894165039e-01
-3.299241065979003906e-01 -6.568973064422607422e-01
-2.983633875846862793e-01 -8.226335048675537109e-01
1.073535680770874023e-01 -6.782531738281250000e-01
-5.612726211547851562e-01 5.664941072463989258e-01
-6.804341077804565430e-02 8.716498613357543945e-01
1.949198246002197266e-01 -6.763819456100463867e-01
-9.510756731033325195e-01 -4.214423298835754395e-01
-3.204871416091918945e-01 8.524926900863647461e-01
1.397963762283325195e-01 -7.058205604553222656e-01
-9.938374161720275879e-01 7.279762029647827148e-01
-1.224335432052612305e-01 -6.333450078964233398e-01
-7.556015849113464355e-01 -2.746785283088684082e-01
4.254655838012695312e-01 -7.426159977912902832e-01
-8.582222461700439453e-02 -7.929519414901733398e-01
-8.802683949470520020e-01 -1.336711645126342773e-02
-8.691699504852294922e-01 -9.385994672775268555e-01
-5.627914667129516602e-01 5.586555004119873047e-01
-3.855777978897094727e-01 6.747063398361206055e-01
2.725623846054077148e-01 -7.133583426475524902e-01
2.147511243820190430e-01 -9.128789901733398438e-01
-9.931132197380065918e-01 -6.532731056213378906e-01
7.586734294891357422e-01 -9.636862874031066895e-01
-1.480908989906311035e-01 6.412693262100219727e-01
-5.636529922485351562e-01 -2.270841598510742188e-01
-8.785198926925659180e-01 -9.772751927375793457e-01
-5.830572843551635742e-01 2.734655141830444336e-01
-7.823219299316406250e-01 2.435165643692016602e-01
-6.543360948562622070e-01 -9.361518621444702148e-01
2.326172590255737305e-01 -2.620576620101928711e-01
4.752371311187744141e-01 -9.359592795372009277e-01
1.309729814529418945e-01 -3.487021327018737793e-01
-6.480996012687683105e-01 -6.549193859100341797e-01
-8.336879611015319824e-01 -7.832646369934082031e-02
-9.092938899993896484e-02 4.954218864440917969e-02
7.644824981689453125e-01 -7.263239026069641113e-01
7.772648334503173828e-02 -6.315206289291381836e-01
-7.412323355674743652e-01 -1.050094962120056152e-01
-5.245547294616699219e-01 5.790617465972900391e-01
-8.237193226814270020e-01 -5.846220850944519043e-01
-3.636874556541442871e-01 -5.508321523666381836e-02
-9.977282285690307617e-01 -7.479820251464843750e-01
-3.804957866668701172e-02 -6.483817100524902344e-01
1.401808261871337891e-01 -4.640942215919494629e-01
-9.267612695693969727e-01 3.404140472412109375e-02
-9.189879894256591797e-02 2.837163209915161133e-01
-2.725403904914855957e-01 8.943963050842285156e-01
-4.594391584396362305e-01 3.772315979003906250e-01
-8.219735622406005859e-01 -9.576979875564575195e-01
-3.654332160949707031e-01 -9.005643129348754883e-01
1.117222309112548828e-01 -2.349699735641479492e-01
9.544503688812255859e-01 -7.582168579101562500e-01
9.641873836517333984e-02 -8.356181979179382324e-01
7.376633882522583008e-01 -8.159290552139282227e-01
-6.392285823822021484e-01 9.258024692535400391e-01
-6.782644391059875488e-01 -7.668493390083312988e-01
8.434572219848632812e-01 -9.026160836219787598e-01
6.989302635192871094e-01 -4.738360047340393066e-01
-1.702570319175720215e-01 4.702494144439697266e-01
-2.592418789863586426e-01 -7.297036647796630859e-01
6.050854921340942383e-01 -5.589867830276489258e-01
-7.530641555786132812e-01 1.795841455459594727e-01
-9.013562798500061035e-01 2.930537462234497070e-01
7.750790119171142578e-01 -1.115812063217163086e-01
-5.722943544387817383e-01 2.907420396804809570e-01
7.580814361572265625e-01 -2.229229211807250977e-01
-5.663507580757141113e-01 8.826255798339843750e-01
-1.894736289978027344e-01 2.646497488021850586e-01
5.239777565002441406e-01 -8.825120925903320312e-01
-2.901698350906372070e-01 7.151623964309692383e-01
-6.132910847663879395e-01 7.665011882781982422e-01
-6.170670390129089355e-01 2.857471704483032227e-01
-5.746209025382995605e-01 -9.334843158721923828e-01
-8.172858953475952148e-01 -1.997835636138916016e-01
-9.815684556961059570e-01 9.173035621643066406e-02
2.505894899368286133e-01 -8.754443526268005371e-01
-5.302081108093261719e-01 -3.933285474777221680e-01
-1.952935457229614258e-01 -5.178593993186950684e-01
-3.475716710090637207e-01 -4.063584804534912109e-01
1.298284530639648438e-02 -2.600777149200439453e-02
-1.351649165153503418e-01 -9.749013185501098633e-01
-2.085545063018798828e-01 1.551190614700317383e-01
-6.305092573165893555e-02 3.805351257324218750e-01
-9.470118284225463867e-01 6.216121912002563477e-01
-2.078836560249328613e-01 -3.870157599449157715e-01
-5.486706495285034180e-01 -4.175994992256164551e-01
-5.457895994186401367e-01 6.120153665542602539e-01
-4.377448558807373047e-01 -4.647187590599060059e-01
-7.342016696929931641e-02 3.889706134796142578e-01
5.749957561492919922e-01 -3.425890803337097168e-01
5.014772415161132812e-01 -3.330494761466979980e-01
2.987987995147705078e-01 -6.608321666717529297e-01
-8.539759516716003418e-01 6.049056053161621094e-01
-5.785620212554931641e-01 3.957509994506835938e-02
-9.806184768676757812e-01 -7.072288990020751953e-01
